15
18
9
9
13
6
8
9
5
8
8
5
7
9
4
4
6
6
4
2
1
4
2
5
5
3
5
4
3
9
4
5
12
6
9
9
6
8
10
7
9
13
10
12
8
14
17
15
23
21
17
16
19
18
14
23
20
13
26
24
26
28
22
22
32
28
23
19
29
23
27
24
27
26
38
25
33
22
23
30
30
36
31
34
31
29
23
31
30
30
23
25
28
29
24
26
22
20
17
22
19
12
19
16
14
13
18
8
13
6
9
13
7
7
4
5
6
7
3
1
5
7
5
4
7
4
4
2
1
3
1
1
2
8
3
1
5
3
1
4
5
7
5
3
8
7
7
5
5
8
7
9
9
11
13
13
13
12
12
10
9
9
9
9
12
17
17
15
16
16
18
17
21
23
17
18
12
22
19
23
20
18
17
30
25
24
19
20
21
22
19
19
16
19
19
27
22
24
15
22
18
20
26
9
18
13
21
16
17
13
19
20
19
18
21
18
18
12
8
12
12
13
9
4
5
13
9
8
4
9
11
6
6
4
3
4
3
1
6
3
6
6
5
5
3
3
2
5
2
6
5
4
2
3
2
6
3
3
7
3
6
7
8
6
5
6
2
7
5
7
8
11
14
12
14
16
9
8
10
10
12
15
17
19
12
11
10
15
21
17
10
20
18
25
15
18
12
11
22
14
16
15
19
26
25
20
23
13
18
13
18
13
29
15
33
20
21
27
23
25
19
17
18
19
24
23
14
22
17
15
25
29
12
18
15
14
19
17
8
10
14
10
7
7
10
4
4
3
5
4
3
3
3
3
2
1
3
2
2
3
3
6
3
3
6
5
4
2
1
7
2
5
4
4
4
8
9
6
9
9
17
9
12
10
18
13
16
9
17
11
17
15
9
24
24
16
13
11
21
22
21
25
17
21
22
26
20
21
25
23
25
29
39
25
31
30
29
29
35
31
43
32
47
39
41
47
50
39
39
39
39
40
41
35
45
36
29
38
30
37
45
28
31
23
38
20
29
28
32
18
20
20
19
13
17
7
10
9
8
9
4
5
2
4
1
2
3
4
1
2
2
2
4
1
3
2
2
5
4
2
6
5
1
9
5
10
8
4
9
6
7
9
11
13
14
12
16
12
19
18
19
17
16
15
29
26
18
19
27
21
29
26
21
30
29
34
29
34
38
31
41
39
35
39
30
45
38
50
50
55
56
41
60
48
52
50
61
59
47
48
64
54
56
54
41
49
48
39
53
40
39
39
53
41
39
37
32
39
25
28
16
28
16
18
15
14
10
8
9
14
8
6
5
7
7
4
6
6
4
3
1
5
5
3
3
4
4
4
7
9
8
9
3
9
8
10
6
6
10
12
14
12
15
14
18
17
20
19
18
24
21
17
24
30
25
24
32
49
35
32
27
33
33
35
34
36
38
57
52
49
44
46
54
49
55
54
54
66
54
65
68
76
72
55
65
63
52
89
69
68
65
59
46
55
49
55
42
67
50
46
55
39
31
39
36
37
25
34
29
29
22
22
20
17
12
15
16
14
9
13
9
8
8
6
7
7
8
1
2
4
5
4
3
6
9
3
8
7
14
7
4
9
19
13
8
13
17
9
8
9
16
16
26
13
24
18
25
18
27
37
22
27
27
29
26
29
37
28
38
36
49
43
46
51
39
48
53
47
50
49
50
57
61
69
69
69
64
59
71
59
63
79
53
68
74
82
70
59
70
65
52
50
70
66
68
60
46
45
51
35
51
49
51
30
30
39
26
31
26
27
17
16
23
15
12
10
18
7
12
11
4
5
5
8
5
3
6
5
9
4
5
4
4
8
2
3
7
5
10
5
7
8
6
9
9
9
14
15
11
9
11
13
18
18
15
25
22
25
26
25
34
23
32
29
29
36
41
32
40
40
32
43
47
49
43
42
52
49
53
47
55
52
59
68
56
59
64
48
48
59
56
54
48
59
55
53
60
52
51
59
70
57
63
39
42
47
37
49
38
38
28
29
30
31
29
23
32
17
20
17
11
10
16
14
14
11
4
10
12
8
8
4
6
7
5
8
6
7
5
3
5
8
5
10
7
5
8
6
6
6
8
10
6
8
9
6
11
10
14
19
9
10
18
22
9
21
15
21
13
23
20
17
28
25
21
32
32
33
29
32
31
38
30
36
45
31
31
41
47
48
34
44
29
39
41
45
48
43
42
47
39
47
53
54
45
49
32
42
37
35
32
42
39
32
47
39
36
30
39
25
21
14
21
21
17
9
14
17
22
13
