30
46
48
41
55
46
45
40
44
58
45
44
33
52
37
52
45
38
44
50
34
47
48
47
45
36
47
38
39
44
39
41
41
46
47
43
41
39
47
30
50
34
35
39
39
38
52
39
43
39
46
53
55
38
37
37
53
44
52
43
48
44
38
47
49
44
39
33
46
43
45
44
40
46
35
47
51
43
36
47
36
46
30
37
36
37
39
35
42
52
46
45
39
46
49
49
48
44
32
43
45
42
46
57
36
52
43
50
46
48
46
42
40
56
42
53
36
38
43
45
43
35
42
42
36
42
43
48
46
35
39
44
43
38
53
48
54
49
46
48
46
44
41
45
36
49
43
52
53
49
47
51
35
49
49
49
43
36
47
36
48
47
53
50
31
66
50
42
35
47
38
44
41
33
42
60
54
42
48
49
49
49
41
35
59
44
40
43
31
44
47
33
39
39
57
39
47
36
38
46
50
46
61
50
44
49
39
42
49
49
38
28
48
47
48
46
40
39
37
49
46
46
47
45
38
45
49
41
35
43
39
44
49
39
41
45
36
62
47
36
41
37
42
48
45
54
43
38
38
45
39
39
42
39
39
44
33
41
34
51
44
47
39
37
45
41
49
47
38
38
45
34
42
43
60
52
46
29
47
36
47
35
52
49
43
43
39
41
49
34
45
40
39
52
29
35
39
28
40
37
46
51
39
36
33
39
39
50
39
35
39
39
38
41
39
35
46
41
43
34
39
41
31
41
33
38
49
34
35
42
46
30
43
38
59
51
43
40
41
39
31
44
58
56
37
34
40
38
35
49
44
33
31
39
50
51
40
57
52
30
42
41
34
49
40
42
40
48
48
39
36
46
42
46
37
37
41
49
54
44
34
49
43
33
55
38
41
52
46
44
47
58
41
42
37
45
45
56
31
38
47
50
52
55
38
32
39
39
53
34
43
40
49
43
45
47
49
38
41
43
47
56
43
42
37
51
50
38
50
44
44
50
46
38
39
37
42
33
39
38
48
35
37
47
44
51
59
39
37
42
35
54
44
49
42
34
29
49
48
45
49
39
34
40
45
52
48
42
39
40
39
48
47
56
37
41
53
43
42
39
39
48
43
48
42
37
42
37
47
49
46
46
40
41
51
38
44
37
40
31
