18
26
30
18
22
22
27
25
19
24
18
19
19
26
12
25
21
24
26
24
19
25
19
19
27
17
24
20
18
19
17
18
26
24
12
29
24
27
20
26
28
28
19
30
27
14
18
27
34
16
15
28
30
27
19
17
27
20
17
17
25
19
14
21
21
29
22
25
24
27
26
22
26
28
22
19
22
19
16
37
15
25
19
27
20
23
25
15
27
25
17
22
29
17
21
19
28
28
21
23
21
18
19
29
30
21
23
20
12
27
26
23
22
27
22
14
22
17
24
15
25
21
20
35
22
21
26
21
23
23
19
19
27
20
19
23
24
22
22
23
29
22
21
25
19
27
24
18
19
16
29
21
17
24
25
26
17
20
22
18
23
35
28
29
24
25
31
28
26
23
30
23
18
23
21
29
25
32
25
19
24
23
19
29
29
29
18
14
26
21
17
17
26
16
22
21
28
17
12
20
19
22
22
19
23
19
19
27
19
18
20
15
22
28
21
25
22
25
24
19
25
19
15
13
21
23
19
29
30
27
25
35
19
17
23
19
32
20
19
20
19
23
26
25
21
17
26
16
20
21
24
29
36
29
19
21
13
20
19
29
28
25
25
23
22
28
22
23
22
24
15
29
12
22
15
29
24
21
23
29
20
23
23
29
16
25
25
18
23
21
30
17
18
17
19
33
19
15
17
30
22
19
26
22
21
23
25
22
32
22
20
16
19
25
20
26
19
20
29
25
25
23
25
19
22
29
19
17
18
27
24
16
22
22
19
29
20
22
24
23
20
27
29
25
22
19
17
22
20
20
14
22
19
25
18
21
28
25
26
17
16
27
24
22
27
29
21
27
14
23
24
23
37
19
21
27
26
19
27
26
23
29
17
26
19
19
19
15
23
19
23
9
32
26
20
23
23
21
19
22
19
30
30
20
19
34
20
25
11
24
30
16
27
17
19
23
18
27
19
24
27
22
25
18
24
17
19
19
23
19
17
24
27
19
32
22
19
16
21
19
19
20
27
23
13
21
19
20
12
19
20
19
21
24
17
22
20
17
21
11
20
21
23
21
31
26
15
15
28
25
23
21
24
26
18
19
19
29
19
21
23
29
21
22
22
19
24
27
22
19
24
20
24
24
21
22
23
15
22
16
24
18
27
29
22
29
29
20
21
19
18
14
19
19
23
32
27
23
20
21
24
28
24
18
28
19
22
24
12
21
19
19
15
28
21
19
21
25
24
23
17
22
17
30
21
12
26
28
24
20
21
19
22
20
19
25
24
19
19
19
17
21
16
22
24
27
35
22
19
22
13
22
25
19
15
24
27
23
22
31
16
23
33
19
23
19
23
16
18
15
25
21
21
17
19
18
25
21
13
19
17
18
22
27
19
24
21
14
19
15
19
25
27
27
29
18
25
18
23
29
18
19
16
22
25
19
15
15
19
24
18
23
19
24
27
21
27
18
20
10
29
25
21
28
30
24
25
29
19
25
18
21
23
20
25
19
25
23
28
18
26
18
22
26
25
29
20
16
22
23
21
24
20
33
19
16
30
25
29
27
22
27
21
20
32
26
20
21
19
15
22
21
24
15
21
20
23
19
22
22
17
26
19
25
19
17
15
11
13
13
21
27
27
21
17
19
20
21
21
24
21
23
18
19
23
12
18
19
21
18
21
19
19
22
25
23
20
16
21
19
19
21
35
25
29
16
19
33
15
23
23
27
21
20
17
23
26
19
15
28
23
23
24
20
25
19
23
24
21
25
18
29
17
21
16
31
21
20
21
23
18
31
18
23
14
29
14
24
24
24
17
21
24
17
21
20
23
31
17
23
23
14
19
22
19
20
15
21
20
24
27
19
25
26
21
15
31
31
29
22
27
26
19
24
30
27
17
26
23
32
26
20
21
20
21
22
28
19
26
21
19
19
14
19
27
18
22
20
20
20
29
26
17
28
32
22
19
23
21
27
29
22
26
22
19
24
21
24
28
19
26
18
20
29
32
17
21
10
20
19
24
18
17
22
30
26
20
20
21
18
27
23
19
26
22
19
19
21
23
19
17
18
20
21
20
28
26
27
22
24
23
19
25
15
20
19
19
13
18
16
23
19
24
16
19
31
23
22
21
24
21
23
22
20
14
22
22
26
19
17
19
15
14
26
18
17
21
23
19
20
19
18
24
23
22
31
20
29
21
19
26
17
18
24
24
21
20
26
25
21
25
18
19
20
14
20
17
22
16
15
19
27
17
23
28
20
26
25
19
19
19
24
12
24
22
27
30
28
22
19
