22
15
27
22
22
23
22
24
25
27
23
16
22
24
31
21
18
22
34
19
19
15
24
20
34
22
19
20
29
23
15
26
22
22
25
21
21
25
29
17
25
26
31
21
18
24
14
21
17
19
18
17
21
21
30
14
24
23
16
29
28
29
19
20
18
29
17
24
18
24
22
24
19
29
12
23
22
25
20
20
26
21
19
23
19
30
23
18
29
21
21
29
19
18
19
21
20
29
16
17
23
27
16
26
19
27
19
23
23
21
33
29
17
28
18
28
22
30
26
24
25
22
27
24
27
28
14
19
29
29
38
24
38
19
27
20
26
29
20
16
17
18
26
25
25
26
26
20
24
21
21
19
20
20
23
19
27
22
27
22
18
19
19
23
30
21
19
25
11
28
23
12
23
30
19
25
23
19
23
22
26
19
23
28
22
21
24
23
24
29
22
24
23
21
25
27
19
16
16
19
19
26
16
21
12
15
21
28
29
15
22
21
27
25
23
30
16
19
22
15
19
27
27
24
26
17
19
25
19
19
24
28
21
23
25
13
22
19
19
19
26
11
21
19
24
22
21
14
19
25
25
33
21
25
28
21
21
18
19
22
21
27
29
28
13
26
22
19
22
24
21
24
21
13
30
22
25
19
24
29
19
22
26
19
25
21
21
25
27
26
19
18
22
15
24
27
22
25
20
21
29
19
23
20
21
23
20
18
24
27
28
15
28
28
23
19
23
16
19
24
16
30
31
26
18
22
23
20
27
21
26
26
20
9
21
24
23
20
23
24
19
20
24
26
24
19
14
19
26
15
22
19
27
24
22
26
22
31
16
18
22
25
27
17
22
17
23
18
24
30
30
17
13
36
23
29
15
27
27
20
23
12
19
23
19
24
20
19
16
22
19
26
20
28
28
26
19
26
27
25
25
24
21
14
23
23
14
24
19
10
27
23
25
23
26
25
24
19
23
19
15
19
22
24
29
18
28
17
19
25
23
23
18
25
26
21
17
21
14
21
21
30
21
14
26
23
19
24
22
16
19
20
28
19
21
28
30
17
23
24
17
14
19
18
25
16
26
21
26
15
22
21
19
23
19
23
17
29
24
19
24
17
25
28
22
16
28
29
19
19
27
26
24
24
15
23
21
18
21
20
26
27
24
13
22
18
29
16
25
19
29
31
26
22
29
22
19
17
26
19
23
27
16
15
24
20
24
30
22
26
19
21
19
19
19
19
29
15
20
29
20
22
20
22
11
14
31
19
18
21
22
17
22
26
13
29
21
15
26
27
21
29
29
21
33
11
19
28
27
20
19
18
27
26
20
30
24
26
21
21
29
19
18
18
22
21
23
29
23
17
22
20
25
19
18
21
19
36
19
22
22
17
19
21
25
18
27
19
26
17
19
25
19
18
20
16
24
27
21
18
19
22
25
19
23
21
17
22
21
38
20
18
25
23
23
19
21
32
19
22
16
29
11
23
26
26
13
23
29
17
19
18
25
28
19
18
25
22
20
25
23
25
21
20
27
24
29
19
29
16
19
24
12
20
21
17
22
19
18
19
25
14
21
21
19
18
16
14
19
16
21
26
15
21
19
25
29
29
21
22
16
21
17
22
25
19
15
26
28
32
19
19
15
29
19
18
19
20
27
23
16
27
26
27
19
26
26
30
16
16
15
22
17
29
16
23
21
31
15
20
18
23
17
24
28
20
20
30
26
26
20
29
20
20
28
16
11
17
15
19
19
25
22
19
26
15
30
23
21
25
22
18
25
13
24
26
20
19
22
27
20
21
24
21
24
26
23
17
27
31
23
23
14
28
22
23
19
19
20
20
20
19
30
19
24
27
19
19
23
19
24
25
15
20
25
24
23
27
17
26
21
13
14
17
19
26
26
22
23
16
24
21
17
28
20
19
25
23
19
20
27
17
30
16
24
20
19
14
14
16
19
25
27
25
16
27
29
29
22
18
27
23
24
23
23
29
14
25
20
20
21
23
27
25
13
28
22
16
28
35
18
27
29
15
18
19
22
19
21
19
19
21
24
12
29
18
23
24
25
19
19
25
30
24
22
20
26
27
20
21
19
18
30
19
22
18
26
18
20
13
24
17
23
27
29
17
16
24
19
22
21
18
30
23
18
20
16
24
18
18
20
17
15
28
23
26
23
10
18
25
15
15
20
19
19
15
22
16
25
21
21
16
18
24
15
16
20
10
20
28
21
24
24
31
22
19
28
17
17
25
22
18
28
21
20
30
25
29
21
22
26
29
19
22
19
27
26
27
16
24
